329
660
581
569
651
985
762
1
339
52
188
950
902
961
607
513
256
591
527
406
202
353
361
856
577
809
982
405
412
630
123
209
670
716
924
942
375
446
203
847
127
987
773
869
44
168
566
459
645
785
744
557
356
501
125
870
694
763
785
470
143
11
995
982
999
417
909
839
175
752
642
431
92
680
737
768
38
849
264
851
187
975
323
285
521
95
851
215
886
316
804
53
737
227
159
965
527
374
296
737
749
660
380
255
666
454
997
734
418
644
768
798
801
263
271
580
327
590
247
953
965
326
702
609
623
307
904
883
744
95
224
91
63
759
264
698
209
236
473
433
921
405
770
766
602
427
389
566
958
229
391
745
38
572
784
639
733
503
922
473
350
76
441
161
269
609
81
745
758
603
874
431
658
460
720
294
487
778
753
352
11
151
944
184
524
129
411
979
909
811
682
68
74
597
714
792
263
776
200
999
676
853
531
365
70
139
611
327
957
323
893
684
5
241
554
637
968
88
111
547
637
948
718
436
216
392
552
669
727
579
477
385
706
10
346
824
810
981
74
586
111
496
937
326
864
124
23
448
116
266
753
617
527
204
330
191
377
731
943
185
356
347
63
594
521
582
996
840
214
682
909
857
761
103
712
912
798
555
139
735
123
253
804
274
380
941
537
909
216
18
954
697
495
630
64
868
452
919
429
100
406
601
374
597
431
368
166
999
632
85
348
291
721
304
849
116
222
276
533
57
919
418
119
202
470
362
447
229
521
886
148
690
472
352
856
667
293
386
558
47
112
55
445
7
903
374
69
885
348
394
465
551
79
604
808
42
457
198
605
981
134
582
782
173
76
513
168
173
946
685
567
508
224
666
471
983
400
487
92
533
981
254
214
155
47
764
827
952
369
491
112
692
72
504
367
428
151
838
120
178
56
201
296
652
669
277
220
184
269
416
652
382
539
748
953
975
911
813
881
106
686
792
958
329
607
404
494
51
133
175
607
358
902
138
420
55
889
266
553
40
260
233
136
646
667
494
104
867
531
344
250
87
408
757
723
211
391
76
890
448
662
481
167
968
511
133
442
733
241
31
126
998
46
893
930
787
562
589
262
311
338
581
1
875
582
848
934
531
505
717
234
753
841
756
70
927
688
855
463
296
366
751
148
600
459
124
471
211
204
163
828
81
348
479
177
671
391
946
571
863
523
160
246
74
157
65
120
864
210
306
764
223
20
737
387
812
804
573
628
981
194
549
758
382
344
587
345
106
938
72
573
30
620
695
609
362
724
59
576
467
568
361
507
45
617
443
228
850
449
431
962
825
677
345
786
562
563
961
818
494
635
430
984
92
229
123
414
437
419
261
114
128
435
841
711
848
699
307
253
395
730
243
276
284
291
984
991
883
514
970
346
522
93
271
410
48
493
618
251
151
740
401
963
366
277
66
307
678
778
483
494
322
771
314
708
619
907
738
120
49
149
708
672
483
511
236
736
772
709
400
244
701
580
783
428
839
333
619
302
683
450
864
881
50
445
453
665
744
171
178
276
48
543
740
410
216
296
440
159
564
862
409
271
316
914
80
750
688
655
137
763
712
131
759
744
188
819
94
841
572
553
953
469
805
274
853
213
453
671
633
146
518
174
812
575
677
403
446
657
997
730
477
675
706
940
305
972
377
300
455
519
613
33
741
447
532
28
843
364
411
313
764
939
660
523
479
501
72
409
376
982
246
318
231
137
775
623
451
542
664
878
386
359
248
252
646
656
932
245
378
355
498
615
927
804
705
789
817
507
586
312
54
626
849
313
679
393
125
532
235
252
2
646
79
604
455
322
72
41
822
305
861
452
418
158
309
10
663
635
655
793
879
608
119
14
650
771
198
419
967
625
178
581
684
324
999
434
341
26
317
666
356
835
122
517
957
995
940
920
762
580
196
766
498
626
662
65
950
798
941
866
499
690
97
522
427
597
567
983
656
470
901
39
32
359
367
829
9
160
39
313
805
745
182
779
793
984
612
132
963
696
628
457
824
54
905
996
523
529
66
728
585
984
381
91
635
288
4
161
261
68
862
172
743
993
9
423
750
227
908
388
29
242
87
80
831
535
522
825
454
128
703
354
734
361
734
537
290
132
736
405
755
699
618
395
894
400
643
88
519
73
541
146
861
659
572
167
122
156
11
317
285
994
702
339
492
86
889
602
82
883
600
596
240
632
472
869
875
370
126
157
41
497
944
258
920
39
393
55
767
853
290
368
211
738
255
463
275
335
405
541
531
372
584
349
232
900
782
253
832
